+-------------------------------------------------------------------------------------------------------------------------------------------------------------------------------------------------------------------------------------------------------------+
; Legal Partition Candidates                                                                                                                                                                                                                                  ;
+--------------------------------------------------------+-------+----------------+--------------+----------------+--------+-----------------+---------------+-----------------+-------+----------------+--------------+------------------+-------------------+
; Hierarchy                                              ; Input ; Constant Input ; Unused Input ; Floating Input ; Output ; Constant Output ; Unused Output ; Floating Output ; Bidir ; Constant Bidir ; Unused Bidir ; Input only Bidir ; Output only Bidir ;
+--------------------------------------------------------+-------+----------------+--------------+----------------+--------+-----------------+---------------+-----------------+-------+----------------+--------------+------------------+-------------------+
; inst1|inst1|sram|ram_block|auto_generated              ; 20    ; 0              ; 0            ; 0              ; 10     ; 0               ; 0             ; 0               ; 0     ; 0              ; 0            ; 0                ; 0                 ;
; inst1|inst10                                           ; 12    ; 0              ; 0            ; 0              ; 10     ; 0               ; 0             ; 0               ; 10    ; 0              ; 0            ; 0                ; 0                 ;
; inst1|inst|srom|rom_block|auto_generated               ; 9     ; 0              ; 0            ; 0              ; 10     ; 0               ; 0             ; 0               ; 0     ; 0              ; 0            ; 0                ; 0                 ;
; inst1|inst9                                            ; 11    ; 0              ; 0            ; 0              ; 0      ; 0               ; 0             ; 0               ; 10    ; 0              ; 0            ; 0                ; 0                 ;
; inst1                                                  ; 14    ; 0              ; 0            ; 0              ; 0      ; 0               ; 0             ; 0               ; 10    ; 0              ; 0            ; 0                ; 0                 ;
; inst2|inst7                                            ; 12    ; 0              ; 0            ; 0              ; 10     ; 0               ; 0             ; 0               ; 0     ; 0              ; 0            ; 0                ; 0                 ;
; inst2|inst41                                           ; 11    ; 0              ; 0            ; 0              ; 0      ; 0               ; 0             ; 0               ; 10    ; 0              ; 0            ; 0                ; 0                 ;
; inst2|inst6                                            ; 12    ; 0              ; 0            ; 0              ; 10     ; 0               ; 0             ; 0               ; 0     ; 0              ; 0            ; 0                ; 0                 ;
; inst2|inst40                                           ; 11    ; 0              ; 0            ; 0              ; 0      ; 0               ; 0             ; 0               ; 10    ; 0              ; 0            ; 0                ; 0                 ;
; inst2|inst5                                            ; 12    ; 0              ; 0            ; 0              ; 10     ; 0               ; 0             ; 0               ; 0     ; 0              ; 0            ; 0                ; 0                 ;
; inst2|inst39                                           ; 11    ; 0              ; 0            ; 0              ; 0      ; 0               ; 0             ; 0               ; 10    ; 0              ; 0            ; 0                ; 0                 ;
; inst2|inst4                                            ; 12    ; 0              ; 0            ; 0              ; 10     ; 0               ; 0             ; 0               ; 0     ; 0              ; 0            ; 0                ; 0                 ;
; inst2|inst38                                           ; 11    ; 0              ; 0            ; 0              ; 0      ; 0               ; 0             ; 0               ; 10    ; 0              ; 0            ; 0                ; 0                 ;
; inst2|inst3                                            ; 12    ; 0              ; 0            ; 0              ; 10     ; 0               ; 0             ; 0               ; 0     ; 0              ; 0            ; 0                ; 0                 ;
; inst2|inst37                                           ; 11    ; 0              ; 0            ; 0              ; 0      ; 0               ; 0             ; 0               ; 10    ; 0              ; 0            ; 0                ; 0                 ;
; inst2|inst2                                            ; 12    ; 0              ; 0            ; 0              ; 10     ; 0               ; 0             ; 0               ; 0     ; 0              ; 0            ; 0                ; 0                 ;
; inst2|inst36                                           ; 11    ; 0              ; 0            ; 0              ; 0      ; 0               ; 0             ; 0               ; 10    ; 0              ; 0            ; 0                ; 0                 ;
; inst2|inst1                                            ; 12    ; 0              ; 0            ; 0              ; 10     ; 0               ; 0             ; 0               ; 0     ; 0              ; 0            ; 0                ; 0                 ;
; inst2|inst35                                           ; 11    ; 0              ; 0            ; 0              ; 0      ; 0               ; 0             ; 0               ; 10    ; 0              ; 0            ; 0                ; 0                 ;
; inst2|inst                                             ; 12    ; 0              ; 0            ; 0              ; 10     ; 0               ; 0             ; 0               ; 0     ; 0              ; 0            ; 0                ; 0                 ;
; inst2|inst8|lpm_decode_component|auto_generated        ; 8     ; 0              ; 0            ; 0              ; 256    ; 0               ; 0             ; 0               ; 0     ; 0              ; 0            ; 0                ; 0                 ;
; inst2|inst8                                            ; 8     ; 0              ; 0            ; 0              ; 8      ; 0               ; 0             ; 0               ; 0     ; 0              ; 0            ; 0                ; 0                 ;
; inst2|inst19                                           ; 11    ; 0              ; 0            ; 0              ; 0      ; 0               ; 0             ; 0               ; 10    ; 0              ; 0            ; 0                ; 0                 ;
; inst2                                                  ; 24    ; 0              ; 2            ; 0              ; 90     ; 0               ; 0             ; 0               ; 0     ; 0              ; 0            ; 0                ; 0                 ;
; inst|inst|inst3                                        ; 12    ; 1              ; 0            ; 1              ; 10     ; 1               ; 1             ; 1               ; 0     ; 0              ; 0            ; 0                ; 0                 ;
; inst|inst|inst                                         ; 0     ; 0              ; 0            ; 0              ; 5      ; 0               ; 0             ; 0               ; 0     ; 0              ; 0            ; 0                ; 0                 ;
; inst|inst|inst2                                        ; 6     ; 0              ; 0            ; 0              ; 0      ; 0               ; 0             ; 0               ; 5     ; 0              ; 0            ; 0                ; 5                 ;
; inst|inst|inst7|lpm_counter_component|auto_generated   ; 10    ; 0              ; 0            ; 0              ; 8      ; 0               ; 0             ; 0               ; 0     ; 0              ; 0            ; 0                ; 0                 ;
; inst|inst|inst7                                        ; 10    ; 0              ; 0            ; 0              ; 8      ; 0               ; 0             ; 0               ; 0     ; 0              ; 0            ; 0                ; 0                 ;
; inst|inst|inst6                                        ; 9     ; 0              ; 0            ; 0              ; 0      ; 0               ; 0             ; 0               ; 8     ; 0              ; 0            ; 0                ; 8                 ;
; inst|inst                                              ; 20    ; 0              ; 0            ; 0              ; 23     ; 0               ; 0             ; 0               ; 0     ; 0              ; 0            ; 0                ; 0                 ;
; inst|inst1|inst                                        ; 12    ; 0              ; 0            ; 0              ; 10     ; 0               ; 0             ; 0               ; 0     ; 0              ; 0            ; 0                ; 0                 ;
; inst|inst1                                             ; 12    ; 0              ; 0            ; 0              ; 10     ; 0               ; 0             ; 0               ; 0     ; 0              ; 0            ; 0                ; 0                 ;
; inst|inst2|inst4                                       ; 9     ; 0              ; 0            ; 0              ; 0      ; 0               ; 0             ; 0               ; 8     ; 0              ; 0            ; 0                ; 8                 ;
; inst|inst2|inst5                                       ; 12    ; 0              ; 0            ; 0              ; 10     ; 0               ; 0             ; 0               ; 0     ; 0              ; 0            ; 0                ; 0                 ;
; inst|inst2|inst1|inst7                                 ; 0     ; 0              ; 0            ; 0              ; 3      ; 0               ; 0             ; 0               ; 0     ; 0              ; 0            ; 0                ; 0                 ;
; inst|inst2|inst1|inst16                                ; 9     ; 0              ; 0            ; 0              ; 0      ; 0               ; 0             ; 0               ; 8     ; 0              ; 0            ; 0                ; 0                 ;
; inst|inst2|inst1|inst15                                ; 9     ; 0              ; 0            ; 0              ; 0      ; 0               ; 0             ; 0               ; 8     ; 0              ; 0            ; 0                ; 0                 ;
; inst|inst2|inst1|inst6                                 ; 0     ; 0              ; 0            ; 0              ; 5      ; 0               ; 0             ; 0               ; 0     ; 0              ; 0            ; 0                ; 0                 ;
; inst|inst2|inst1|inst5                                 ; 6     ; 0              ; 0            ; 0              ; 0      ; 0               ; 0             ; 0               ; 5     ; 0              ; 0            ; 0                ; 0                 ;
; inst|inst2|inst1|inst17                                ; 0     ; 0              ; 0            ; 0              ; 5      ; 0               ; 0             ; 0               ; 0     ; 0              ; 0            ; 0                ; 0                 ;
; inst|inst2|inst1|inst3                                 ; 6     ; 0              ; 0            ; 0              ; 0      ; 0               ; 0             ; 0               ; 5     ; 0              ; 0            ; 0                ; 0                 ;
; inst|inst2|inst1                                       ; 17    ; 0              ; 2            ; 0              ; 13     ; 0               ; 0             ; 0               ; 0     ; 0              ; 0            ; 0                ; 0                 ;
; inst|inst2|inst6|lpm_decode_component|auto_generated   ; 3     ; 0              ; 0            ; 0              ; 4      ; 0               ; 0             ; 0               ; 0     ; 0              ; 0            ; 0                ; 0                 ;
; inst|inst2|inst6                                       ; 3     ; 2              ; 0            ; 2              ; 4      ; 2               ; 2             ; 2               ; 0     ; 0              ; 0            ; 0                ; 0                 ;
; inst|inst2|inst9|inst7                                 ; 0     ; 0              ; 0            ; 0              ; 3      ; 0               ; 0             ; 0               ; 0     ; 0              ; 0            ; 0                ; 0                 ;
; inst|inst2|inst9|inst9                                 ; 4     ; 0              ; 0            ; 0              ; 0      ; 0               ; 0             ; 0               ; 3     ; 0              ; 0            ; 0                ; 0                 ;
; inst|inst2|inst9|inst2                                 ; 6     ; 0              ; 0            ; 0              ; 0      ; 0               ; 0             ; 0               ; 5     ; 0              ; 0            ; 0                ; 0                 ;
; inst|inst2|inst9|inst1                                 ; 0     ; 0              ; 0            ; 0              ; 5      ; 0               ; 0             ; 0               ; 0     ; 0              ; 0            ; 0                ; 0                 ;
; inst|inst2|inst9|inst3                                 ; 6     ; 0              ; 0            ; 0              ; 0      ; 0               ; 0             ; 0               ; 5     ; 0              ; 0            ; 0                ; 0                 ;
; inst|inst2|inst9                                       ; 7     ; 0              ; 0            ; 0              ; 13     ; 0               ; 0             ; 0               ; 0     ; 0              ; 0            ; 0                ; 0                 ;
; inst|inst2                                             ; 19    ; 0              ; 0            ; 0              ; 23     ; 0               ; 0             ; 0               ; 0     ; 0              ; 0            ; 0                ; 0                 ;
; inst|inst3|lpm_counter_component|auto_generated        ; 2     ; 0              ; 0            ; 0              ; 3      ; 0               ; 0             ; 0               ; 0     ; 0              ; 0            ; 0                ; 0                 ;
; inst|inst3                                             ; 2     ; 0              ; 0            ; 0              ; 3      ; 0               ; 0             ; 0               ; 0     ; 0              ; 0            ; 0                ; 0                 ;
; inst|inst4|lpm_decode_component|auto_generated         ; 3     ; 0              ; 0            ; 0              ; 8      ; 0               ; 0             ; 0               ; 0     ; 0              ; 0            ; 0                ; 0                 ;
; inst|inst4                                             ; 3     ; 0              ; 0            ; 0              ; 6      ; 0               ; 0             ; 0               ; 0     ; 0              ; 0            ; 0                ; 0                 ;
; inst|inst5|inst14                                      ; 4     ; 0              ; 0            ; 0              ; 0      ; 0               ; 0             ; 0               ; 3     ; 0              ; 0            ; 0                ; 0                 ;
; inst|inst5|inst6                                       ; 6     ; 0              ; 0            ; 0              ; 0      ; 0               ; 0             ; 0               ; 5     ; 0              ; 0            ; 0                ; 0                 ;
; inst|inst5|inst11                                      ; 10    ; 0              ; 0            ; 0              ; 8      ; 0               ; 0             ; 0               ; 0     ; 0              ; 0            ; 0                ; 0                 ;
; inst|inst5|inst4                                       ; 11    ; 0              ; 0            ; 0              ; 0      ; 0               ; 0             ; 0               ; 10    ; 0              ; 0            ; 0                ; 0                 ;
; inst|inst5|inst2                                       ; 0     ; 0              ; 0            ; 0              ; 5      ; 0               ; 0             ; 0               ; 0     ; 0              ; 0            ; 0                ; 0                 ;
; inst|inst5|inst3                                       ; 6     ; 0              ; 0            ; 0              ; 0      ; 0               ; 0             ; 0               ; 5     ; 0              ; 0            ; 0                ; 0                 ;
; inst|inst5|inst10|inst11                               ; 11    ; 0              ; 0            ; 0              ; 0      ; 0               ; 0             ; 0               ; 10    ; 0              ; 0            ; 0                ; 0                 ;
; inst|inst5|inst10|inst15                               ; 0     ; 0              ; 0            ; 0              ; 5      ; 0               ; 0             ; 0               ; 0     ; 0              ; 0            ; 0                ; 0                 ;
; inst|inst5|inst10|inst5                                ; 6     ; 0              ; 0            ; 0              ; 0      ; 0               ; 0             ; 0               ; 5     ; 0              ; 0            ; 0                ; 0                 ;
; inst|inst5|inst10|inst17                               ; 0     ; 0              ; 0            ; 0              ; 5      ; 0               ; 0             ; 0               ; 0     ; 0              ; 0            ; 0                ; 0                 ;
; inst|inst5|inst10|inst3                                ; 6     ; 0              ; 0            ; 0              ; 0      ; 0               ; 0             ; 0               ; 5     ; 0              ; 0            ; 0                ; 0                 ;
; inst|inst5|inst10|inst9                                ; 0     ; 0              ; 0            ; 0              ; 5      ; 0               ; 0             ; 0               ; 0     ; 0              ; 0            ; 0                ; 0                 ;
; inst|inst5|inst10|inst10                               ; 9     ; 0              ; 0            ; 0              ; 0      ; 0               ; 0             ; 0               ; 8     ; 0              ; 0            ; 0                ; 0                 ;
; inst|inst5|inst10|inst6                                ; 12    ; 0              ; 0            ; 0              ; 10     ; 0               ; 0             ; 0               ; 0     ; 0              ; 0            ; 0                ; 0                 ;
; inst|inst5|inst10|inst7                                ; 9     ; 0              ; 0            ; 0              ; 0      ; 0               ; 0             ; 0               ; 8     ; 0              ; 0            ; 0                ; 0                 ;
; inst|inst5|inst10                                      ; 25    ; 0              ; 0            ; 0              ; 23     ; 0               ; 0             ; 0               ; 0     ; 0              ; 0            ; 0                ; 0                 ;
; inst|inst5|inst7                                       ; 0     ; 0              ; 0            ; 0              ; 5      ; 0               ; 0             ; 0               ; 0     ; 0              ; 0            ; 0                ; 0                 ;
; inst|inst5|inst8                                       ; 9     ; 0              ; 0            ; 0              ; 0      ; 0               ; 0             ; 0               ; 8     ; 0              ; 0            ; 0                ; 0                 ;
; inst|inst5|inst12|lpm_add_sub_component|auto_generated ; 6     ; 0              ; 0            ; 0              ; 3      ; 0               ; 0             ; 0               ; 0     ; 0              ; 0            ; 0                ; 0                 ;
; inst|inst5|inst12                                      ; 6     ; 0              ; 0            ; 0              ; 3      ; 0               ; 0             ; 0               ; 0     ; 0              ; 0            ; 0                ; 0                 ;
; inst|inst5|inst|lpm_decode_component|auto_generated    ; 3     ; 0              ; 0            ; 0              ; 4      ; 0               ; 0             ; 0               ; 0     ; 0              ; 0            ; 0                ; 0                 ;
; inst|inst5|inst                                        ; 3     ; 0              ; 0            ; 0              ; 4      ; 0               ; 0             ; 0               ; 0     ; 0              ; 0            ; 0                ; 0                 ;
; inst|inst5|inst18|lpm_counter_component|auto_generated ; 3     ; 0              ; 0            ; 0              ; 2      ; 0               ; 0             ; 0               ; 0     ; 0              ; 0            ; 0                ; 0                 ;
; inst|inst5|inst18                                      ; 3     ; 0              ; 0            ; 0              ; 2      ; 0               ; 0             ; 0               ; 0     ; 0              ; 0            ; 0                ; 0                 ;
; inst|inst5|inst23|lpm_decode_component|auto_generated  ; 2     ; 0              ; 0            ; 0              ; 4      ; 0               ; 0             ; 0               ; 0     ; 0              ; 0            ; 0                ; 0                 ;
; inst|inst5|inst23                                      ; 2     ; 2              ; 0            ; 2              ; 4      ; 2               ; 2             ; 2               ; 0     ; 0              ; 0            ; 0                ; 0                 ;
; inst|inst5                                             ; 32    ; 0              ; 0            ; 0              ; 32     ; 0               ; 0             ; 0               ; 0     ; 0              ; 0            ; 0                ; 0                 ;
; inst                                                   ; 11    ; 0              ; 0            ; 0              ; 34     ; 0               ; 0             ; 0               ; 0     ; 0              ; 0            ; 0                ; 0                 ;
+--------------------------------------------------------+-------+----------------+--------------+----------------+--------+-----------------+---------------+-----------------+-------+----------------+--------------+------------------+-------------------+
